1  44   2  95  46  70  71
2   44   95    3   34   46    1   47   66   24   35  100   70   71   30
3   44    2   34   46   47   66   24   35  100   30
4   86   81   19   37   62   98   12   28   63   55   74  100   97   25   27
5   13   89  101   18
6  93
7    8  103    9
8   42  103    7    9
9   42    8  103   64    7
10  64  65  57  26  87  68  51
11  67
12   86   81   19   37   62   98   28    4   63   66   55   74  100   77   97   25   27
13   79   16   91  101   21   43   82    5
14   45   73   52   56   38   54   40   59   17  100
15  41  69  31  75  60  22  88
16   67   72   76   13   58   64   94   92  101   83   48   87   85   51
17   14   45   73   52   54   40   59   66   24  100   30
18   89  101   21    5
19  86  81  12  28   4
20  23  41  32  78
21   13   94   79   91  101   18   36   43   82
22  41  15  31  75  88
23  61  32  20  78
24   44    2   95    3   59   17   35  100   30
25   81   37   62   98   12   28    4   63   55   74  100   97   27
26  76  65  57  10
27   96   86   81   12   28    4  100   25
28   96   86   81   19   37   62   99   12    4   63   55   74  100   25   27
29  49
30   44    2   95    3   34   59   66   17   24  100   70
31  41  15  75  22  88
32  23  61  20  78
33  69  60  50
34    2    3   47   66   35  100   30
35  44   2   3  34  47  66  24
36  79  21
37  86  81  62  12  28   4  63  97  25
38  14  52  40
39  41
40  14  45  73  52  56  38  54  59  17
41  15  39  31  91  75  22  88  20  78
42    8  103    9
43   13   94   79   91  101   21   82
44    2   95    3    1   47   24   35  100   70   71   30
45  14  73  52  56  54  40  59  17
46   2   3   1  47
47  44   2   3  34  46  35
48   76   94   16   92  101   83   87
49  29  53
50  33
51  67  76  64  94  16  92  83  87  10  85
52  14  45  73  56  38  54  40  59  17
53  49
54  14  45  73  52  56  40  59  17
55  12  28   4  25
56  14  45  73  52  54  40  59
57  26  10
58  76  16  87
59   14   45   73   52   56   54   40   66   17   24  100   30
60  69  15  33
61  23  32  78
62   96   86   81   37   99   12   28    4   66  100   97   25
63  96  86  81  37  12  28   4  66  25
64  16  92   9  87  10  68  51
65   26  105   10
66    2   62   95    3   34   12   59   63   17   35  100   30
67   11   16   92  101   87   51
68  64  10
69  15  60  33
70  44   2  95   1  71  30
71  44   2   1  70
72  94  16  87  85
73  14  45  52  56  54  40  59  17
74  12  28   4  97  25
75  41  15  31  22
76   58   94   16   92  101   26   83   48   87   85   51
77  12
78  23  61  41  93  32  20
79   13  101   36   21   43   82
80  101
81   96   86   19   37   62   98   12   28    4   63  100   97   25   27
82   13   79  101   21   43
83   76   94   16   92  101   84   48   87   85   51
84  83
85  72  76  94  16  92  83  87  51
86  96  81  19  37  62  12  28   4  63  27
87   67   72   76   58   64   94   16   92  101   83   48   10   85   51
88  41  15  31  22
89  101   18    5
90
91   41   13   94  101   21  102   43
92   67   76   64   94   16  101   83   48   87   85   51
93   6  78
94   72   76   16   91   92  101   83   48   87   21   43   85   51
95   44    2    1   66   24  100   70   30
96  86  81  62  28  63  27
97   81   37   62   98   12    4   74  100   25
98  81  12   4  97  25
99  62  28
100   14   81   44    2   62   95    3   34   12   28    4   59   66   17   24   97   25   27   30
101   67   76   13   89   94   79   16   91   92   83   18   80   48   87   21   43   82    5
102   91
103   42    8    7    9
104
105   65
